 77   -47  1857     -30    29   -22 
 74   -36  1847     -33    26   -41 
 95   -40  1856     -29    29   -67 
 72   -45  1849     -30    29   -58 
 79   -28  1848     -31    28   -22 
 82   -50  1850     -27    32   -22 
 79   -46  1860     -29    28   -21 
  111   -43  1860     -15    -5    79 
  118   -65  1817      -6   -31  -200 
  177   118  1854     -24    16  -253 
  164    36  1853     -29    -1    12 
   79   -48  1844     -34    13     4 
  156   -57  1861     -32    13   -59 
   27   -99  1870     -39  -113  -335 
   13   -10  1822     -37  -171  -897 
  340     1  1890     -73  -152  -891 
   37    70  2065     -72  -354  -377 
  274  -156  1984     -78  -598  -305 
  804   -52  2000    -162 -1298  -541 
  480   -88  1367    -139  -725  -418 
  378   -72  2088    -161  -334  -561 
  844   -38  1777    -192 -1056  -475 
  609    44  1596    -151  -618  -345 
  331   133  1967      52   131   348 
  550  -171  1723    -100  -260   193 
  853  -159  1479    -264  -165   151 
  648  -187  1897    -948  1174   172 
  265   -77  2057    -704   600   -50 
  420  -321  1478    -153   176    62 
  446  -416  1621    -479  1480   756 
  279  -256  2287     -91   172   195 
  242  -333  1728      12   175    59 
  340  -148  1916      -8   -12   189 
  173  -526  1722    -365    14  -267 
  442  -440  1790    -185    52   263 
  312  -321  1888    -151   111   117 
  135  -345  1763      -8  -548   131 
  514  -368  1992      34  -604   249 
  751  -459  1805    -510 -1210  -124 
  376  -551  1587    -478 -1118  -233 
 1099  -446  1902    -517 -1434  -383 
  920  -523  1724   -1211 -2025  -876 
  890  -537  1647   -1048 -2709  -401 
 1337  -538  1486   -1183 -2771   -28 
 1786  -708  1416   -2417 -3094  -138 
 1682  -579  1507    -768 -2251  -656 
 1223  -624   455    -587 -2512  -590 
 1519  -785   159    -578 -3532   290 
 2334  -743   176   -1710 -3267   454 
 1809  -952   276   -1099 -3064   -48 
 1910  -878  -618    -175 -4931   -88 
 1759  -836  -660   -1260 -3671    28 
 2020  -807 -1193    -215 -3150  -583 
 1096  -492 -1233    -538 -4655 -1159 
 1077  -621 -1912   -1123 -3080  -300 
 1353  -615 -1666    -882 -3113  -681 
  451  -529 -2149    -732 -2624 -1128 
  631  -559 -2284    -359 -2476  -207 
  377  -324 -1990    -519 -2060  -313 
  531  -352 -2547    -378 -1455  -482 
  -67  -259 -2059    -318 -1727  -385 
  301  -330 -2421    -213 -1378     0 
 -123  -172 -2368    -359  -261  -261 
  264  -278 -2320    -260   639   406 
  107  -197 -2302    -232  -116  -284 
   66  -145 -2286     -21   195    94 
  456  -271 -2465     -29   373    26 
   -2   -85 -2184    -166   434  -117 
  377  -214 -2409     108   209   177 
  281  -132 -2384    -171   914  -104 
  218  -166 -2238       0  1293    81 
  584  -172 -2367      93  2147   270 
  377  -173 -2166     523  2757   230 
 1296  -466 -2090    1177  1380   183 
  778  -411 -2041     924  2470  -902 
  965  -339 -1921     583  1964   181 
 1549  -469 -1643     442  2970    64 
 1442  -552 -1715     694  2616  -125 
 1758  -440 -1333      71  2208   254 
 1610  -568 -1151     354  2668   -50 
 1915  -519 -1093     196  2666   160 
 1882  -603  -681     -77  3233   -62 
 1997  -618  -718     299  2449   331 
 1808  -535  -242     307  2832   -45 
 1889  -616   -89      85  3051   328 
 1816  -646   222      30  2993   473 
 2032  -903   509     647  3084   173 
 1989  -787   723     410  2247   -10 
 1493  -523   929     518  2717  -367 
 1399  -549  1303     574  2438  -129 
 1296  -404  1179    1063  2992  -155 
 1281  -536  1594     352  2847   272 
 1138  -573  1650     527  1966   170 
  937  -494  1594     516  1596    74 
  817  -407  1677     235  1703   282 
  576  -365  1892     168  1870   -20 
  451  -431  1666     548  1614   173 
  704  -409  1970     -98   724    32 
  107  -202  2159     645   365   -33 
  559  -406  1779     462   267   174 
  442  -197  2028     153   -57    61 
  134  -126  1827      50   168     6 
  357  -305  1754      33   -34   160 
  294  -248  1919     -55    62    -6 
  304  -269  1800      62   215    53 
  351  -218  1930     -33   183    -7 
  312  -279  1704     124   337   -15 
  169  -162  1872      46   125   -24 
  268  -253  1817      63   156    -1 
  202  -166  1851     -28     0   -27 
  246  -254  1865     -65    18    -6 
  291  -237  1791     -89   -77   -40 
  150  -233  1789     -76   -53   -15 
  268  -204  1877    -163  -194    -9 
  324  -234  1873    -172  -140    49 
  312  -290  1829     -94   -98     3 
  494  -309  1896    -199  -577   -96 
  451  -290  1941    -344  -855  -319 
  494  -269  1883    -328  -732  -205 
  585  -390  1804    -372 -1315  -322 
  743  -357  1794    -908 -1799  -233 
 1074  -421  1873    -909 -2204  -278 
 1029  -475  1720    -877 -2457  -207 
 1475  -613  1403   -1067 -3046  -149 
 1712  -402  1068   -1311 -4039  -317 
 1088  -401  1548   -1248 -2575  -931 
 1713  -698   322     512 -2961   597 
 2226  -515   460   -1145 -3043  -132 
 1520  -720   314    -356 -3216    31 
 2148  -673  -442    -618 -4773   765 
 1961  -674  -202    -740 -3596   486 
 1767  -725 -1064      48 -3371   521 
 1771  -590  -982    -630 -3765   349 
 1717  -973 -1353    -486 -2582  -250 
  858  -378 -1521    -688 -3211  -372 
 1139  -829 -1868   -1189 -3621   149 
 1132  -683 -1978   -1385 -2134  -219 
  249  -307 -1917   -1285 -2598   -67 
  690  -481 -2441   -1121 -2230    30 
   10  -146 -2017   -1292 -1611  -331 
  292  -224 -2478    -731 -1733   467 
  -25   -31 -2185    -849  -268   119 
  328  -252 -2624     203  -660   224 
  -70    83 -2048    -377  -268  -425 
  354  -174 -2505     254  -386   263 
   27   -58 -2205    -218  -103  -285 
  -37   -80 -2290      95   -67     9 
   48  -164 -2352      56  -101  -119 
  -63   -21 -2162     -57   140   -16 
  140   -97 -2433     -59   254   -51 
  -83   -46 -2187       7   241   -82 
   33  -119 -2349     136   749    26 
  242  -103 -2449     318  1395   -33 
  161  -192 -2213     297  2455    87 
  596  -291 -2278     848  2310  -101 
  662  -344 -2134    1055  2642  -335 
  917  -288 -1972     871  3080   -41 
 1292  -391 -1711     750  2834   -66 
 1222  -378 -1693     827  2706  -413 
 1840  -651 -1405      66  3139   281 
 1678  -563 -1262     860  3245  -485 
 1728  -387 -1104     411  2482  -100 
 2127  -663  -738     168  2938   125 
 1734  -283  -585     523  2990  -307 
 1995  -660  -148     217  3613   153 
 1896  -476    33     206  2457   291 
 2299  -788   407     255  2657   257 
 1925  -602   325    1070  2830  -374 
 1222  -265   516     246  2844   181 
 2029  -774  1448    -346  2906   521 
 1322  -439  1105    1199  2267  -176 
 1519  -512  1276     295  2710   433 
 1089  -538  1630     490  2650    75 
  941  -417  1658     389  2882    80 
 1022  -584  1780     425  1817   130 
  507  -351  1765     169  1471  -138 
  670  -450  1678     437  1638   302 
  547  -446  2011     858   598  -133 
  466  -345  2060     266   561    38 
  334  -258  1727      92    39    21 
  425  -305  1787     193   500    89 
  429  -271  1894      12  -183   -36 
  353  -265  1822     -70    68     6 
  409  -277  1795     -15    41   -15 
  358  -261  1829      -2    31   -45 
  360  -264  1833     -94   -19    18 
  404  -278  1788       0     4    18 
  507  -323  1818     -20   -11     4 
  351  -275  1838     -98   -31   -21 
  420  -302  1853      -9  -148   -26 
  533  -301  1841     -37  -398   -52 
  540  -346  1792     -44  -574   -53 
  546  -304  1923    -275  -815   -39 
  645  -293  1880    -177  -759  -250 
  797  -311  1937    -465 -1618  -279 
  903  -309  1840    -220 -1603  -369 
  872  -288  1441    -248 -2077  -328 
 1448  -304  1635    -459 -1937  -338 
 1261  -369  1597    -179 -2068  -831 
 1560  -247   874      33 -2774  -231 
 1787  -316  1272    -628 -2265  -442 
 1675  -177  1077      76 -3042  -393 
 1881  -311   599     489 -3736  -330 
 2063  -144    42     292 -3593   -57 
 2172  -239   216    -362 -3041  -220 
 1895    -3  -320     175 -3067   -55 
 2370  -310  -363    -578 -2906  -127 
 1544   -58 -1011     -40 -3442  -119 
 2136   -47 -1086   -1520 -3615   308 
 1497  -110 -1496    -927 -3967  -630 
 1318    82 -1720   -1246 -3717  -313 
 1770   -86 -1848   -1584 -3269  -148 
  489   228 -2104   -1526 -3055  -734 
  782   395 -2047    -604 -2869 -1438 
  257   539 -2048    -118 -2993 -1422 
   -2   469 -2262     449 -2248  -597 
 -308   329 -2298     414 -1452  -573 
 -132   321 -2285     135  -852  -204 
 -342   346 -2225     108  -525   -80 
 -153   278 -2311      12    95   -39 
 -254   373 -2255     124   110   130 
  -37   327 -2348      71   307    83 
 -250   330 -2217      91   464    -4 
 -113   290 -2368     252   641   231 
  -51   249 -2406     300  1379   166 
  -34   346 -1948     315  2168   594 
  673    72 -2465     404  1652   577 
   78   347 -2092     281  2514   183 
  875   -29 -2109    -445  3641  1431 
 1041    98 -1913    -130  3494  1087 
  997   256 -1742     376  3374   895 
 2092  -310 -1495     497  3605  1076 
 1156   136 -1415     930  2452   122 
 2250  -354  -964     -65  3905  1236 
 2183  -360  -640     892  3104   275 
 1732  -127  -619     971  2940   244 
 2349  -456     2     310  2807   220 
 1458   -34  -246     723  2915   275 
 2718  -898   693      43  3989   453 
 1809  -176   444     843  2012  -464 
 1824  -384   997    -135  3722   495 
 1639  -471   821     711  2854   256 
 1103  -177  1138    -307  3180    46 
 1454  -608  1570    -613  3693   932 
 1081  -501  1848     175  1914   256 
  942  -540  1637     624  1906   426 
  906  -486  1755     311  1469   100 
  494  -348  1794     337  1105    46 
  662  -497  1771     294   957   238 
  616  -369  1917     415   598   -19 
  531  -330  1929    -124   -48   -33 
  553  -376  1617    -118    26    -7 
  546  -303  1879    -118  -131   -69 
  520  -446  1590    -225   396  -119 
  492  -385  1920     119    92    29 
  489  -373  1715      -7    89   -37 
  576  -444  1831    -183  -330  -145 
  470  -382  1836    -254  -356  -294 
  669  -440  1891    -307  -762  -193 
  524  -483  1874    -340 -1288   -54 
  923  -365  1789       7 -1907    61 
 1087  -361  1701    -604 -1662  -514 
 1110  -376  1484    -563 -2276  -702 
 1217  -415  1736    -424 -2512  -253 
 1720  -483  1610     317 -2277  -548 
 1383  -352  1093     592 -2803  -658 
 1619  -348   753     273 -2949   -36 
 2135  -348   649     -59 -3716   190 
 1718  -264   380     465 -3808  -215 
 2389  -241   -81    -189 -4028   483 
 1632  -216  -227     182 -3749    17 
 2174  -251  -688    -746 -3876   418 
 1927  -410  -974    -879 -3627   300 
 1501  -330 -1296    -472 -2955  -401 
 1523  -288 -1728    -612 -3686   165 
 1379  -361 -1710    -907 -3455    43 
  773  -101 -1971    -689 -4130    16 
  731  -143 -2091    -305 -4200   196 
  289   -84 -2308    -394 -3197  -109 
 -143  -148 -2301     -99 -2727  -146 
 -120  -119 -2376     -28 -1702    76 
 -460  -120 -2330     -51  -726   -45 
 -310  -103 -2360     227  -578    -6 
 -383  -122 -2217     139  -237   -68 
 -319  -229 -2295      20   104   -58 
 -341  -123 -2291      58    62   -56 
 -302  -214 -2210     -50   439   -31 
 -225  -171 -2322      -6   346    12 
 -313  -174 -2357       0   891   -78 
  -53  -258 -2431      37  1890  -119 
   -6   -85 -2220     113  2264    73 
  356  -342 -2276     130  2761   227 
  607   -33 -2122     134  1506  -141 
  499   -97 -2258    -210  1952  -151 
  874  -363 -2157    -175  2683    35 
  868   -43 -1961      10  2714    84 
 1548  -459 -1965     110  2896   185 
 1117  -136 -1653     277  2305    22 
 1623  -223 -1612     188  3406   401 
 1831  -396 -1212     407  3071   -14 
 1414   -82 -1162     497  3059    87 
 2457  -593  -702     -53  3558   443 
 1654  -211  -534     407  2381    -1 
 2298  -502   -33    -319  3164   583 
 2202  -447    23     565  2207    85 
 1863  -320   143     492  3213   236 
 2454  -574   886    -323  3006   106 
 1595  -424   828     642  2765   -54 
 1426  -331   499     912  3389   131 
 1201  -325  1246    -521  4297   253 
 1161  -750  1962     934  3513   334 
  847  -342  1074     969  2375  -207 
  720  -340  1943     457  3833   242 
  685  -441  2089     722  1440  -416 
  526  -209  2335    -102  1051   201 
  488  -246  1732     147   427   -80 
  500  -143  2092     -80   345   -56 
  433  -242  1834      12   -68   -29 
  454  -277  1829      36  -279   -49 
  507  -237  1754      16  -215     5 
  481  -224  1759      57   -65    91 
  542  -220  1773      42  -211    66 
  542  -208  1864    -110    25  -130 
  516  -217  1660     286   -95   -56 
  460  -286  1749     393    35  -318 
  641  -149  2057     531   380   109 
  324   472  2342    1265   518    60 
  421   -36  2175     380  1068    39 
  404   -25  1893     -72  -130   -41 
  398    19  1757      65  -176   -93 
  376    -5  1722       5   266    29 
  367   -17  2038     -25   101   -12 
  396    -9  1825     -10    -4   -33 
  389     8  1783     -34    52   -15 
  393    -8  1891     -23    74   -14 
  383    -3  1813     -27    29   -22 
  390     7  1824     -29    47   -18 
  386     2  1838     -31    25   -22 
  377    -6  1831     -29    35   -19 
  385     2  1837     -29    32   -20 
  376     2  1840     -29    32   -20 
  379     0  1839     -30    32   -21 
  378    -3  1837     -30    33   -20 
  399    -2  1828     -30    31   -21 
  371     5  1839     -31    34   -21 
  375    -6  1831     -30    31   -20 
  395    13  1819     -31    30   -20 
  378   -10  1830     -30    35   -21 
